<?xml version="1.0"?>
<opencv_storage>
<calibResult type_id="opencv-matrix">
  <rows>11</rows>
  <cols>1</cols>
  <dt>d</dt>
  <data>
    -1.5787101115039122e+003 -1.1664789606621722e+001
    -7.0492059936633655e+002 -1.6304166312761136e-322
    1.6938725017907185e+001 1.6299838942569431e+003
    -2.9731711335186020e+002 -1.1832872217897855e-320
    5.9376246120320206e-002 6.7625096529531914e-003
    -1.5078782887224507e+000</data></calibResult>
<kinectPoints type_id="opencv-matrix">
  <rows>1</rows>
  <cols>46</cols>
  <dt>"3d"</dt>
  <data>
    -1.2100331783294678e+000 4.5497247576713562e-001
    2.7650001049041748e+000 -8.5291010141372681e-001
    -6.1943192034959793e-002 2.7219998836517334e+000
    -6.6793835163116455e-001 1.1132305860519409e-001
    2.7650001049041748e+000 5.5272388458251953e-001
    1.9059443473815918e-001 2.7219998836517334e+000
    7.0519942045211792e-001 -9.5297219231724739e-003
    2.7219998836517334e+000 1.1165914535522461e+000
    4.5253926515579224e-001 2.8099999427795410e+000
    5.9101259708404541e-001 -5.0117868185043335e-001
    2.7009999752044678e+000 8.1002634763717651e-001
    -3.5259971022605896e-001 2.7219998836517334e+000
    1.1024649143218994e+000 -9.1950267553329468e-001
    2.6800000667572021e+000 -1.1763973236083984e+000
    -9.6512597799301147e-001 2.7430000305175781e+000
    -8.0850517749786377e-001 -3.8770425319671631e-001
    2.7009999752044678e+000 -6.2394827604293823e-001
    -5.6296080350875854e-001 2.6800000667572021e+000
    -9.1477984189987183e-001 3.7903228402137756e-001
    2.0820000171661377e+000 -3.6007785797119141e-001
    2.5205450132489204e-002 2.0569999217987061e+000
    -5.3338611125946045e-001 -1.7182908952236176e-001
    2.0450000762939453e+000 8.6548227071762085e-001
    3.7773165106773376e-001 2.0950000286102295e+000
    2.5416386127471924e-001 1.1097295582294464e-001
    2.0450000762939453e+000 4.3315249681472778e-001
    -1.1455272883176804e-001 2.0450000762939453e+000
    8.3137369155883789e-001 -6.6863673925399780e-001
    2.0209999084472656e+000 2.9892414808273315e-001
    -2.7079010009765625e-001 2.0090000629425049e+000
    5.0474798679351807e-001 -9.6653863787651062e-002
    2.0450000762939453e+000 7.2596743702888489e-002
    -3.2971018552780151e-001 1.7280000448226929e+000
    1.4598821103572845e-001 -1.5194690227508545e-001
    1.7020000219345093e+000 -8.0347949266433716e-001
    2.3631750047206879e-001 1.7999999523162842e+000
    3.6974060535430908e-001 2.0680406689643860e-001
    1.7899999618530273e+000 4.6187821030616760e-001
    2.6159474253654480e-001 2.3350000381469727e+000
    7.3506999015808105e-001 -5.1576733589172363e-001
    2.3199999332427979e+000 -9.7673177719116211e-001
    -8.0273908376693726e-001 2.2590000629425049e+000
    9.4905114173889160e-001 -7.8296720981597900e-001
    2.2590000629425049e+000 9.8904657363891602e-001
    4.2149242758750916e-001 2.3840000629425049e+000
    -1.0218544006347656e+000 4.1282919049263000e-001
    2.3350000381469727e+000 -4.3498177081346512e-002
    -7.8296720981597900e-001 2.2590000629425049e+000
    -1.0234123468399048e+000 -1.2183479964733124e-001
    2.3199999332427979e+000 1.2099456042051315e-002
    4.2751410603523254e-001 2.3039999008178711e+000
    9.5843374729156494e-001 -1.9493567943572998e-001
    2.3199999332427979e+000 3.2055158168077469e-002
    -1.2822063267230988e-001 2.2890000343322754e+000
    -9.9358379840850830e-002 -2.1226562559604645e-001
    2.5799999237060547e+000 -2.7297297120094299e-001
    -1.2738738954067230e-001 2.5989999771118164e+000
    2.1510143578052521e-001 -8.7833088636398315e-001
    2.5599999427795410e+000 -1.0946437120437622e+000
    -9.1665285825729370e-001 2.5420000553131104e+000
    -1.1282882690429687e+000 -2.3202702403068542e-001
    2.5989999771118164e+000 -1.1595119237899780e+000
    4.4347867369651794e-001 2.6389999389648437e+000
    -1.6630449891090393e-001 4.4347867369651794e-001
    2.6389999389648437e+000 1.1217536926269531e+000
    4.5614880323410034e-001 2.6589999198913574e+000
    1.0964415073394775e+000 -2.8207206726074219e-001
    2.5989999771118164e+000 1.0844697952270508e+000
    -8.8729345798492432e-001 2.5599999427795410e+000</data></kinectPoints>
<projectorPoints type_id="opencv-matrix">
  <rows>1</rows>
  <cols>46</cols>
  <dt>"2d"</dt>
  <data>
    19. 22. 192. 315. 303. 205. 941. 159. 1038. 287. 1254. 22. 965. 544.
    1085. 450. 1262. 779. 25. 775. 208. 464. 312. 571. 8. 7. 403. 259.
    264. 408. 1266. 11. 835. 207. 959. 373. 1266. 791. 861. 484. 1017.
    347. 707. 575. 775. 423. 5. 102. 947. 127. 938. 116. 1120. 608. 11.
    792. 1274. 791. 1267. 13. 14. 11. 625. 792. 4. 344. 659. 5. 1265.
    406. 667. 359. 600. 392. 488. 345. 771. 777. 14. 798. 10. 386. 8.
    10. 554. 15. 1270. 11. 1274. 433. 1275. 792.</data></projectorPoints>
</opencv_storage>
