<?xml version="1.0"?>
<opencv_storage>
<calibResult type_id="opencv-matrix">
  <rows>11</rows>
  <cols>1</cols>
  <dt>d</dt>
  <data>
    -3.6086494061237699e+003 -6.7031341919255922e+001
    -1.5493185832874767e+003 4.4465908125712189e-323
    2.0663694008556025e+001 3.5209580703124584e+003
    -7.0266278955087557e+002 -5.7680994621261685e-307
    -4.0304976595394629e-002 -1.8894073702234643e-001
    -2.8668341897633352e+000</data></calibResult>
<kinectPoints type_id="opencv-matrix">
  <rows>1</rows>
  <cols>8</cols>
  <dt>"3d"</dt>
  <data>
    -1.1442003250122070e+000 5.0590676069259644e-001
    2.7009999752044678e+000 1.1483315229415894e+000
    4.9554553627967834e-001 2.7219998836517334e+000
    1.1388018131256104e+000 -9.0532356500625610e-001
    2.7219998836517334e+000 -1.1347441673278809e+000
    -8.7942671775817871e-001 2.7009999752044678e+000
    -4.6313506364822388e-001 2.7323031425476074e-001
    1.1069999933242798e+000 4.3440410494804382e-001
    2.4978236854076385e-001 1.0340000391006470e+000
    4.7271731495857239e-001 -3.3069923520088196e-001
    1.1590000391006470e+000 -5.4379111528396606e-001
    -3.7004873156547546e-001 1.2890000343322754e+000</data></kinectPoints>
<projectorPoints type_id="opencv-matrix">
  <rows>1</rows>
  <cols>8</cols>
  <dt>"2d"</dt>
  <data>
    9. 9. 1253. 11. 1268. 772. 5. 782. 47. 1. 1253. 13. 1251. 777. 15.
    787.</data></projectorPoints>
</opencv_storage>
