<?xml version="1.0"?>
<opencv_storage>
<calibResult type_id="opencv-matrix">
  <rows>11</rows>
  <cols>1</cols>
  <dt>d</dt>
  <data>
    3.2127857237463995e+003 -1.4033546223594584e+001
    7.7278756783539893e+002 2.4515537346642654e-320
    -1.7830030804465051e+002 -3.3002986370205967e+003
    1.5251837029380638e+003 -1.2822999126093278e-307
    -2.6202799983676567e-001 2.3054175940909458e-002
    1.7368209497640623e+000</data></calibResult>
<kinectPoints type_id="opencv-matrix">
  <rows>1</rows>
  <cols>16</cols>
  <dt>"3d"</dt>
  <data>
    -6.1873877048492432e-001 1.0463963747024536e+000
    2.5989999771118164e+000 -2.2485348582267761e-001
    3.7475579977035522e-001 9.1100001335144043e-001
    6.0857015848159790e-001 8.6306309700012207e-001
    2.1070001125335693e+000 2.6514649391174316e-001
    3.6834722757339478e-001 9.0700000524520874e-001
    7.1680521965026855e-001 1.7687402665615082e-001
    2.6589999198913574e+000 2.4631987512111664e-001
    -3.0598740559071302e-003 8.7400001287460327e-001
    -6.6309821605682373e-001 2.2264611721038818e-001
    2.7650001049041748e+000 -2.1080046892166138e-001
    1.0770826600492001e-002 8.7900000810623169e-001
    5.6007247418165207e-002 8.6251157522201538e-001
    2.1329998970031738e+000 4.8683155328035355e-002
    3.8946524262428284e-001 9.5899999141693115e-001
    -1.8968942761421204e-001 1.9740039110183716e-001
    8.8099998235702515e-001 -5.6905251741409302e-001
    6.9099235534667969e-001 2.5799999237060547e+000
    3.2769359648227692e-002 1.8023148179054260e-002
    9.3599998950958252e-001 1.3396751880645752e-001
    2.1711976826190948e-001 2.6389999389648437e+000
    7.4361246824264526e-001 6.4698487520217896e-001
    2.4000000953674316e+000 2.7513310313224792e-001
    1.8857437372207642e-001 8.8300001621246338e-001</data></kinectPoints>
<projectorPoints type_id="opencv-matrix">
  <rows>1</rows>
  <cols>16</cols>
  <dt>"2d"</dt>
  <data>
    13. 113. 7. 10. 788. 62. 781. 14. 786. 584. 786. 586. 9. 589. 17.
    598. 369. 97. 403. 29. 10. 285. 10. 314. 384. 579. 415. 593. 789.
    296. 789. 286.</data></projectorPoints>
</opencv_storage>
