<?xml version="1.0"?>
<opencv_storage>
<calibResult type_id="opencv-matrix">
  <rows>11</rows>
  <cols>1</cols>
  <dt>d</dt>
  <data>
    -1.6370763306856927e+003 -4.6516058841807517e+000
    -7.3419131019276097e+002 -1.4327903729396150e-322
    2.1055369702013358e+001 1.7052540520034077e+003
    -3.0829443917705868e+002 -2.4648935071019790e-320
    4.8572539983765171e-002 2.4724045933303209e-002
    -1.5395483146058879e+000</data></calibResult>
<kinectPoints type_id="opencv-matrix">
  <rows>1</rows>
  <cols>21</cols>
  <dt>"3d"</dt>
  <data>
    -1.2100331783294678e+000 4.5497247576713562e-001
    2.7650001049041748e+000 -8.5291010141372681e-001
    -6.1943192034959793e-002 2.7219998836517334e+000
    -6.6793835163116455e-001 1.1132305860519409e-001
    2.7650001049041748e+000 5.5272388458251953e-001
    1.9059443473815918e-001 2.7219998836517334e+000
    7.0519942045211792e-001 -9.5297219231724739e-003
    2.7219998836517334e+000 1.1165914535522461e+000
    4.5253926515579224e-001 2.8099999427795410e+000
    5.9101259708404541e-001 -5.0117868185043335e-001
    2.7009999752044678e+000 8.1002634763717651e-001
    -3.5259971022605896e-001 2.7219998836517334e+000
    1.1024649143218994e+000 -9.1950267553329468e-001
    2.6800000667572021e+000 -1.1763973236083984e+000
    -9.6512597799301147e-001 2.7430000305175781e+000
    -8.0850517749786377e-001 -3.8770425319671631e-001
    2.7009999752044678e+000 -6.2394827604293823e-001
    -5.6296080350875854e-001 2.6800000667572021e+000
    -9.1477984189987183e-001 3.7903228402137756e-001
    2.0820000171661377e+000 -3.6007785797119141e-001
    2.5205450132489204e-002 2.0569999217987061e+000
    -5.3338611125946045e-001 -1.7182908952236176e-001
    2.0450000762939453e+000 8.6548227071762085e-001
    3.7773165106773376e-001 2.0950000286102295e+000
    2.5416386127471924e-001 1.1097295582294464e-001
    2.0450000762939453e+000 4.3315249681472778e-001
    -1.1455272883176804e-001 2.0450000762939453e+000
    8.3137369155883789e-001 -6.6863673925399780e-001
    2.0209999084472656e+000 2.9892414808273315e-001
    -2.7079010009765625e-001 2.0090000629425049e+000
    5.0474798679351807e-001 -9.6653863787651062e-002
    2.0450000762939453e+000</data></kinectPoints>
<projectorPoints type_id="opencv-matrix">
  <rows>1</rows>
  <cols>21</cols>
  <dt>"2d"</dt>
  <data>
    19. 22. 192. 315. 303. 205. 941. 159. 1038. 287. 1254. 22. 965. 544.
    1085. 450. 1262. 779. 25. 775. 208. 464. 312. 571. 8. 7. 403. 259.
    264. 408. 1266. 11. 835. 207. 959. 373. 1266. 791. 861. 484. 1017.
    347.</data></projectorPoints>
</opencv_storage>
